{
 "cells": [
  {
   "cell_type": "code",
   "execution_count": 1,
   "id": "475dc448",
   "metadata": {},
   "outputs": [],
   "source": [
    "import numpy as np\n",
    "from itertools import product\n",
    "from gen.gen_utilities import permutation_symbol as perm\n",
    "from gen.gen_interpFunction import *\n",
    "from gen.gen_mesh1D import *\n",
    "from gen.gen_gaussQuadCalc import *"
   ]
  },
  {
   "cell_type": "code",
   "execution_count": 6,
   "id": "e9b75f52",
   "metadata": {},
   "outputs": [
    {
     "name": "stdout",
     "output_type": "stream",
     "text": [
      "gaussW= [0.55555556 0.88888889 0.55555556]\n",
      "J= [[0.5 0.5 0.5]]\n"
     ]
    }
   ],
   "source": [
    "geom = {'L': 1,   # length of beam, m\n",
    "        'b': 0.05, # height of beam, m,\n",
    "        'h': 0.05, # heaight of beam m\n",
    "        'A1': 0.05, # area of beam in m^2\n",
    "        'A2': 0.05, # area of beam in m^2\n",
    "        'A3': 0.0025, # cross-sectional area of beam in m^2\n",
    "        'I1': 5.20833E-7, # moment of inertia m^4, b*h^3/12\n",
    "        'I2': 5.20833E-7, # moment of inertia m^4,  inertia about E2xE2\n",
    "        'J': 1.04166E-6, # polar moment of inertia m^4, pi*(D^4-d^4)/32, inertia about E3xE3, J=I1+I2\n",
    "        }\n",
    "\n",
    "material = {'E': 210E9, # Youngs modulus, Pa\n",
    "                'rho': 7850, # density of steel, kg/m^3\n",
    "                'G': 80E9, # shear modulus, Pa\n",
    "                'Ks': 1.2E4 # shear correction coefficient, unitless\n",
    "                }\n",
    "\n",
    "\n",
    "NEL = 1\n",
    "NNPEL = 3\n",
    "if NNPEL<3:\n",
    "        NGQP = NNPEL-1 # reduced order integration\n",
    "else:\n",
    "        NGQP = NNPEL\n",
    "\n",
    "appForceGP = np.array([0,0,0], dtype=np.float64)\n",
    "appMomentGP = np.array([0,0,0], dtype=np.float64)\n",
    "matModFGP = np.diag([material['G'] * geom['A1'] * material['Ks'], \n",
    "                     material['G'] * geom['A2'] * material['Ks'], \n",
    "                     material['E'] * geom['A3']\n",
    "                     ])\n",
    "\n",
    "matModMGP = np.diag([material['E'] * geom['I1'], \n",
    "                     material['E'] * geom['I2'], \n",
    "                     material['G'] * geom['J'] \n",
    "                     ])\n",
    "\n",
    "coeffSME = {f'K{i}{j}':np.zeros(shape=[NNPEL,NNPEL],dtype=np.float64) for i,j in product(range(6), repeat=2)} # memory allocation for constants of elemental stiffness matrices\n",
    "eqns_p_elem = 6 * NNPEL\n",
    "SME = np.zeros(shape=[eqns_p_elem,eqns_p_elem], dtype=np.float64)\n",
    "\n",
    "ECON, elemGlobalCoord = mesh1D(1, NEL, NNPEL)\n",
    "gaussW = gaussLegQuad(NGQP)[1]\n",
    "print('gaussW=',gaussW)\n",
    "J = np.dot(elemGlobalCoord,interpLagGLQ(NNPEL, NGQP)[1])\n",
    "print('J=',J)\n"
   ]
  },
  {
   "cell_type": "code",
   "execution_count": 8,
   "id": "dc04ecec",
   "metadata": {},
   "outputs": [
    {
     "name": "stdout",
     "output_type": "stream",
     "text": [
      "effecWt= 0.2777777777777779\n",
      "S00= [[ 0.472379    0.27491933 -0.06      ]\n",
      " [ 0.27491933  0.16       -0.03491933]\n",
      " [-0.06       -0.03491933  0.007621  ]]\n",
      "S10= [[-1.75205634 -1.01967734  0.22254033]\n",
      " [ 2.129516    1.23935467 -0.270484  ]\n",
      " [-0.37745967 -0.21967734  0.04794366]]\n",
      "S11= [[ 6.49838668 -7.89838668  1.4       ]\n",
      " [-7.89838668  9.6        -1.70161332]\n",
      " [ 1.4        -1.70161332  0.30161332]]\n",
      "dphio= [0. 0. 1.]\n",
      "gammaGP= [0. 0. 0.]\n",
      "coeffSME[K00]= [[ 8.66451557e+13 -1.05311822e+14  1.86666667e+13]\n",
      " [-1.05311822e+14  1.28000000e+14 -2.26881776e+13]\n",
      " [ 1.86666667e+13 -2.26881776e+13  4.02151097e+12]]\n",
      "coeffSME[K00][0]= [[ 8.66451557e+13 -1.05311822e+14  1.86666667e+13]\n",
      " [-1.05311822e+14  1.28000000e+14 -2.26881776e+13]\n",
      " [ 1.86666667e+13 -2.26881776e+13  4.02151097e+12]]\n",
      "matModFGP[0,0]= 48000000000000.0\n",
      "S11= [[ 6.49838668 -7.89838668  1.4       ]\n",
      " [-7.89838668  9.6        -1.70161332]\n",
      " [ 1.4        -1.70161332  0.30161332]]\n",
      "effWt= 0.2777777777777779\n",
      "coeffSME[K01]= [[0. 0. 0.]\n",
      " [0. 0. 0.]\n",
      " [0. 0. 0.]]\n",
      "coeffSME[K01][0]= [[ 0. -0.  0.]\n",
      " [-0.  0. -0.]\n",
      " [ 0. -0.  0.]]\n",
      "matModFGP[0,1]= 0.0\n",
      "S11= [[ 6.49838668 -7.89838668  1.4       ]\n",
      " [-7.89838668  9.6        -1.70161332]\n",
      " [ 1.4        -1.70161332  0.30161332]]\n",
      "effWt= 0.2777777777777779\n",
      "coeffSME[K02]= [[0. 0. 0.]\n",
      " [0. 0. 0.]\n",
      " [0. 0. 0.]]\n",
      "coeffSME[K02][0]= [[ 0. -0.  0.]\n",
      " [-0.  0. -0.]\n",
      " [ 0. -0.  0.]]\n",
      "matModFGP[0,2]= 0.0\n",
      "S11= [[ 6.49838668 -7.89838668  1.4       ]\n",
      " [-7.89838668  9.6        -1.70161332]\n",
      " [ 1.4        -1.70161332  0.30161332]]\n",
      "effWt= 0.2777777777777779\n",
      "coeffSME[K10]= [[0. 0. 0.]\n",
      " [0. 0. 0.]\n",
      " [0. 0. 0.]]\n",
      "coeffSME[K10][0]= [[ 0. -0.  0.]\n",
      " [-0.  0. -0.]\n",
      " [ 0. -0.  0.]]\n",
      "matModFGP[1,0]= 0.0\n",
      "S11= [[ 6.49838668 -7.89838668  1.4       ]\n",
      " [-7.89838668  9.6        -1.70161332]\n",
      " [ 1.4        -1.70161332  0.30161332]]\n",
      "effWt= 0.2777777777777779\n",
      "coeffSME[K11]= [[ 8.66451557e+13 -1.05311822e+14  1.86666667e+13]\n",
      " [-1.05311822e+14  1.28000000e+14 -2.26881776e+13]\n",
      " [ 1.86666667e+13 -2.26881776e+13  4.02151097e+12]]\n",
      "coeffSME[K11][0]= [[ 8.66451557e+13 -1.05311822e+14  1.86666667e+13]\n",
      " [-1.05311822e+14  1.28000000e+14 -2.26881776e+13]\n",
      " [ 1.86666667e+13 -2.26881776e+13  4.02151097e+12]]\n",
      "matModFGP[1,1]= 48000000000000.0\n",
      "S11= [[ 6.49838668 -7.89838668  1.4       ]\n",
      " [-7.89838668  9.6        -1.70161332]\n",
      " [ 1.4        -1.70161332  0.30161332]]\n",
      "effWt= 0.2777777777777779\n",
      "coeffSME[K12]= [[0. 0. 0.]\n",
      " [0. 0. 0.]\n",
      " [0. 0. 0.]]\n",
      "coeffSME[K12][0]= [[ 0. -0.  0.]\n",
      " [-0.  0. -0.]\n",
      " [ 0. -0.  0.]]\n",
      "matModFGP[1,2]= 0.0\n",
      "S11= [[ 6.49838668 -7.89838668  1.4       ]\n",
      " [-7.89838668  9.6        -1.70161332]\n",
      " [ 1.4        -1.70161332  0.30161332]]\n",
      "effWt= 0.2777777777777779\n",
      "coeffSME[K20]= [[0. 0. 0.]\n",
      " [0. 0. 0.]\n",
      " [0. 0. 0.]]\n",
      "coeffSME[K20][0]= [[ 0. -0.  0.]\n",
      " [-0.  0. -0.]\n",
      " [ 0. -0.  0.]]\n",
      "matModFGP[2,0]= 0.0\n",
      "S11= [[ 6.49838668 -7.89838668  1.4       ]\n",
      " [-7.89838668  9.6        -1.70161332]\n",
      " [ 1.4        -1.70161332  0.30161332]]\n",
      "effWt= 0.2777777777777779\n",
      "coeffSME[K21]= [[0. 0. 0.]\n",
      " [0. 0. 0.]\n",
      " [0. 0. 0.]]\n",
      "coeffSME[K21][0]= [[ 0. -0.  0.]\n",
      " [-0.  0. -0.]\n",
      " [ 0. -0.  0.]]\n",
      "matModFGP[2,1]= 0.0\n",
      "S11= [[ 6.49838668 -7.89838668  1.4       ]\n",
      " [-7.89838668  9.6        -1.70161332]\n",
      " [ 1.4        -1.70161332  0.30161332]]\n",
      "effWt= 0.2777777777777779\n",
      "coeffSME[K22]= [[ 9.47681390e+08 -1.15184806e+09  2.04166667e+08]\n",
      " [-1.15184806e+09  1.40000000e+09 -2.48151943e+08]\n",
      " [ 2.04166667e+08 -2.48151943e+08  4.39852763e+07]]\n",
      "coeffSME[K22][0]= [[ 9.47681390e+08 -1.15184806e+09  2.04166667e+08]\n",
      " [-1.15184806e+09  1.40000000e+09 -2.48151943e+08]\n",
      " [ 2.04166667e+08 -2.48151943e+08  4.39852763e+07]]\n",
      "matModFGP[2,2]= 525000000.0\n",
      "S11= [[ 6.49838668 -7.89838668  1.4       ]\n",
      " [-7.89838668  9.6        -1.70161332]\n",
      " [ 1.4        -1.70161332  0.30161332]]\n",
      "effWt= 0.2777777777777779\n",
      "effecWt= 0.4444444444444444\n",
      "S00= [[ 0. -0. -0.]\n",
      " [-0.  1.  0.]\n",
      " [-0.  0.  0.]]\n",
      "S10= [[ 0. -1. -0.]\n",
      " [-0.  0.  0.]\n",
      " [-0.  1.  0.]]\n",
      "S11= [[ 1. -0. -1.]\n",
      " [-0.  0.  0.]\n",
      " [-1.  0.  1.]]\n",
      "dphio= [0. 0. 1.]\n",
      "gammaGP= [0. 0. 0.]\n",
      "coeffSME[K00]= [[ 1.07978489e+14 -1.05311822e+14 -2.66666667e+12]\n",
      " [-1.05311822e+14  1.28000000e+14 -2.26881776e+13]\n",
      " [-2.66666667e+12 -2.26881776e+13  2.53548443e+13]]\n",
      "coeffSME[K00][1]= [[ 2.13333333e+13 -0.00000000e+00 -2.13333333e+13]\n",
      " [-0.00000000e+00  0.00000000e+00  0.00000000e+00]\n",
      " [-2.13333333e+13  0.00000000e+00  2.13333333e+13]]\n",
      "matModFGP[0,0]= 48000000000000.0\n",
      "S11= [[ 1. -0. -1.]\n",
      " [-0.  0.  0.]\n",
      " [-1.  0.  1.]]\n",
      "effWt= 0.4444444444444444\n",
      "coeffSME[K01]= [[0. 0. 0.]\n",
      " [0. 0. 0.]\n",
      " [0. 0. 0.]]\n",
      "coeffSME[K01][1]= [[ 0. -0. -0.]\n",
      " [-0.  0.  0.]\n",
      " [-0.  0.  0.]]\n",
      "matModFGP[0,1]= 0.0\n",
      "S11= [[ 1. -0. -1.]\n",
      " [-0.  0.  0.]\n",
      " [-1.  0.  1.]]\n",
      "effWt= 0.4444444444444444\n",
      "coeffSME[K02]= [[0. 0. 0.]\n",
      " [0. 0. 0.]\n",
      " [0. 0. 0.]]\n",
      "coeffSME[K02][1]= [[ 0. -0. -0.]\n",
      " [-0.  0.  0.]\n",
      " [-0.  0.  0.]]\n",
      "matModFGP[0,2]= 0.0\n",
      "S11= [[ 1. -0. -1.]\n",
      " [-0.  0.  0.]\n",
      " [-1.  0.  1.]]\n",
      "effWt= 0.4444444444444444\n",
      "coeffSME[K10]= [[0. 0. 0.]\n",
      " [0. 0. 0.]\n",
      " [0. 0. 0.]]\n",
      "coeffSME[K10][1]= [[ 0. -0. -0.]\n",
      " [-0.  0.  0.]\n",
      " [-0.  0.  0.]]\n",
      "matModFGP[1,0]= 0.0\n",
      "S11= [[ 1. -0. -1.]\n",
      " [-0.  0.  0.]\n",
      " [-1.  0.  1.]]\n",
      "effWt= 0.4444444444444444\n",
      "coeffSME[K11]= [[ 1.07978489e+14 -1.05311822e+14 -2.66666667e+12]\n",
      " [-1.05311822e+14  1.28000000e+14 -2.26881776e+13]\n",
      " [-2.66666667e+12 -2.26881776e+13  2.53548443e+13]]\n",
      "coeffSME[K11][1]= [[ 2.13333333e+13 -0.00000000e+00 -2.13333333e+13]\n",
      " [-0.00000000e+00  0.00000000e+00  0.00000000e+00]\n",
      " [-2.13333333e+13  0.00000000e+00  2.13333333e+13]]\n",
      "matModFGP[1,1]= 48000000000000.0\n",
      "S11= [[ 1. -0. -1.]\n",
      " [-0.  0.  0.]\n",
      " [-1.  0.  1.]]\n",
      "effWt= 0.4444444444444444\n",
      "coeffSME[K12]= [[0. 0. 0.]\n",
      " [0. 0. 0.]\n",
      " [0. 0. 0.]]\n",
      "coeffSME[K12][1]= [[ 0. -0. -0.]\n",
      " [-0.  0.  0.]\n",
      " [-0.  0.  0.]]\n",
      "matModFGP[1,2]= 0.0\n",
      "S11= [[ 1. -0. -1.]\n",
      " [-0.  0.  0.]\n",
      " [-1.  0.  1.]]\n",
      "effWt= 0.4444444444444444\n",
      "coeffSME[K20]= [[0. 0. 0.]\n",
      " [0. 0. 0.]\n",
      " [0. 0. 0.]]\n",
      "coeffSME[K20][1]= [[ 0. -0. -0.]\n",
      " [-0.  0.  0.]\n",
      " [-0.  0.  0.]]\n",
      "matModFGP[2,0]= 0.0\n",
      "S11= [[ 1. -0. -1.]\n",
      " [-0.  0.  0.]\n",
      " [-1.  0.  1.]]\n",
      "effWt= 0.4444444444444444\n",
      "coeffSME[K21]= [[0. 0. 0.]\n",
      " [0. 0. 0.]\n",
      " [0. 0. 0.]]\n",
      "coeffSME[K21][1]= [[ 0. -0. -0.]\n",
      " [-0.  0.  0.]\n",
      " [-0.  0.  0.]]\n",
      "matModFGP[2,1]= 0.0\n",
      "S11= [[ 1. -0. -1.]\n",
      " [-0.  0.  0.]\n",
      " [-1.  0.  1.]]\n",
      "effWt= 0.4444444444444444\n",
      "coeffSME[K22]= [[ 1.18101472e+09 -1.15184806e+09 -2.91666667e+07]\n",
      " [-1.15184806e+09  1.40000000e+09 -2.48151943e+08]\n",
      " [-2.91666667e+07 -2.48151943e+08  2.77318610e+08]]\n",
      "coeffSME[K22][1]= [[ 2.33333333e+08 -0.00000000e+00 -2.33333333e+08]\n",
      " [-0.00000000e+00  0.00000000e+00  0.00000000e+00]\n",
      " [-2.33333333e+08  0.00000000e+00  2.33333333e+08]]\n",
      "matModFGP[2,2]= 525000000.0\n",
      "S11= [[ 1. -0. -1.]\n",
      " [-0.  0.  0.]\n",
      " [-1.  0.  1.]]\n",
      "effWt= 0.4444444444444444\n",
      "effecWt= 0.27777777777777773\n",
      "S00= [[ 0.007621   -0.03491933 -0.06      ]\n",
      " [-0.03491933  0.16        0.27491933]\n",
      " [-0.06        0.27491933  0.472379  ]]\n",
      "S10= [[-0.04794366  0.21967734  0.37745967]\n",
      " [ 0.270484   -1.23935467 -2.129516  ]\n",
      " [-0.22254033  1.01967734  1.75205634]]\n",
      "S11= [[ 0.30161332 -1.70161332  1.4       ]\n",
      " [-1.70161332  9.6        -7.89838668]\n",
      " [ 1.4        -7.89838668  6.49838668]]\n",
      "dphio= [0. 0. 1.]\n",
      "gammaGP= [0. 0. 0.]\n",
      "coeffSME[K00]= [[ 1.12e+14 -1.28e+14  1.60e+13]\n",
      " [-1.28e+14  2.56e+14 -1.28e+14]\n",
      " [ 1.60e+13 -1.28e+14  1.12e+14]]\n",
      "coeffSME[K00][2]= [[ 4.02151097e+12 -2.26881776e+13  1.86666667e+13]\n",
      " [-2.26881776e+13  1.28000000e+14 -1.05311822e+14]\n",
      " [ 1.86666667e+13 -1.05311822e+14  8.66451557e+13]]\n",
      "matModFGP[0,0]= 48000000000000.0\n",
      "S11= [[ 0.30161332 -1.70161332  1.4       ]\n",
      " [-1.70161332  9.6        -7.89838668]\n",
      " [ 1.4        -7.89838668  6.49838668]]\n",
      "effWt= 0.27777777777777773\n",
      "coeffSME[K01]= [[0. 0. 0.]\n",
      " [0. 0. 0.]\n",
      " [0. 0. 0.]]\n",
      "coeffSME[K01][2]= [[ 0. -0.  0.]\n",
      " [-0.  0. -0.]\n",
      " [ 0. -0.  0.]]\n",
      "matModFGP[0,1]= 0.0\n",
      "S11= [[ 0.30161332 -1.70161332  1.4       ]\n",
      " [-1.70161332  9.6        -7.89838668]\n",
      " [ 1.4        -7.89838668  6.49838668]]\n",
      "effWt= 0.27777777777777773\n",
      "coeffSME[K02]= [[0. 0. 0.]\n",
      " [0. 0. 0.]\n",
      " [0. 0. 0.]]\n",
      "coeffSME[K02][2]= [[ 0. -0.  0.]\n",
      " [-0.  0. -0.]\n",
      " [ 0. -0.  0.]]\n",
      "matModFGP[0,2]= 0.0\n",
      "S11= [[ 0.30161332 -1.70161332  1.4       ]\n",
      " [-1.70161332  9.6        -7.89838668]\n",
      " [ 1.4        -7.89838668  6.49838668]]\n",
      "effWt= 0.27777777777777773\n",
      "coeffSME[K10]= [[0. 0. 0.]\n",
      " [0. 0. 0.]\n",
      " [0. 0. 0.]]\n",
      "coeffSME[K10][2]= [[ 0. -0.  0.]\n",
      " [-0.  0. -0.]\n",
      " [ 0. -0.  0.]]\n",
      "matModFGP[1,0]= 0.0\n",
      "S11= [[ 0.30161332 -1.70161332  1.4       ]\n",
      " [-1.70161332  9.6        -7.89838668]\n",
      " [ 1.4        -7.89838668  6.49838668]]\n",
      "effWt= 0.27777777777777773\n",
      "coeffSME[K11]= [[ 1.12e+14 -1.28e+14  1.60e+13]\n",
      " [-1.28e+14  2.56e+14 -1.28e+14]\n",
      " [ 1.60e+13 -1.28e+14  1.12e+14]]\n",
      "coeffSME[K11][2]= [[ 4.02151097e+12 -2.26881776e+13  1.86666667e+13]\n",
      " [-2.26881776e+13  1.28000000e+14 -1.05311822e+14]\n",
      " [ 1.86666667e+13 -1.05311822e+14  8.66451557e+13]]\n",
      "matModFGP[1,1]= 48000000000000.0\n",
      "S11= [[ 0.30161332 -1.70161332  1.4       ]\n",
      " [-1.70161332  9.6        -7.89838668]\n",
      " [ 1.4        -7.89838668  6.49838668]]\n",
      "effWt= 0.27777777777777773\n",
      "coeffSME[K12]= [[0. 0. 0.]\n",
      " [0. 0. 0.]\n",
      " [0. 0. 0.]]\n",
      "coeffSME[K12][2]= [[ 0. -0.  0.]\n",
      " [-0.  0. -0.]\n",
      " [ 0. -0.  0.]]\n",
      "matModFGP[1,2]= 0.0\n",
      "S11= [[ 0.30161332 -1.70161332  1.4       ]\n",
      " [-1.70161332  9.6        -7.89838668]\n",
      " [ 1.4        -7.89838668  6.49838668]]\n",
      "effWt= 0.27777777777777773\n",
      "coeffSME[K20]= [[0. 0. 0.]\n",
      " [0. 0. 0.]\n",
      " [0. 0. 0.]]\n",
      "coeffSME[K20][2]= [[ 0. -0.  0.]\n",
      " [-0.  0. -0.]\n",
      " [ 0. -0.  0.]]\n",
      "matModFGP[2,0]= 0.0\n",
      "S11= [[ 0.30161332 -1.70161332  1.4       ]\n",
      " [-1.70161332  9.6        -7.89838668]\n",
      " [ 1.4        -7.89838668  6.49838668]]\n",
      "effWt= 0.27777777777777773\n",
      "coeffSME[K21]= [[0. 0. 0.]\n",
      " [0. 0. 0.]\n",
      " [0. 0. 0.]]\n",
      "coeffSME[K21][2]= [[ 0. -0.  0.]\n",
      " [-0.  0. -0.]\n",
      " [ 0. -0.  0.]]\n",
      "matModFGP[2,1]= 0.0\n",
      "S11= [[ 0.30161332 -1.70161332  1.4       ]\n",
      " [-1.70161332  9.6        -7.89838668]\n",
      " [ 1.4        -7.89838668  6.49838668]]\n",
      "effWt= 0.27777777777777773\n",
      "coeffSME[K22]= [[ 1.225e+09 -1.400e+09  1.750e+08]\n",
      " [-1.400e+09  2.800e+09 -1.400e+09]\n",
      " [ 1.750e+08 -1.400e+09  1.225e+09]]\n",
      "coeffSME[K22][2]= [[ 4.39852763e+07 -2.48151943e+08  2.04166667e+08]\n",
      " [-2.48151943e+08  1.40000000e+09 -1.15184806e+09]\n",
      " [ 2.04166667e+08 -1.15184806e+09  9.47681390e+08]]\n",
      "matModFGP[2,2]= 525000000.0\n",
      "S11= [[ 0.30161332 -1.70161332  1.4       ]\n",
      " [-1.70161332  9.6        -7.89838668]\n",
      " [ 1.4        -7.89838668  6.49838668]]\n",
      "effWt= 0.27777777777777773\n",
      "coeffSME= {'K00': array([[ 1.12e+14, -1.28e+14,  1.60e+13],\n",
      "       [-1.28e+14,  2.56e+14, -1.28e+14],\n",
      "       [ 1.60e+13, -1.28e+14,  1.12e+14]]), 'K01': array([[0., 0., 0.],\n",
      "       [0., 0., 0.],\n",
      "       [0., 0., 0.]]), 'K02': array([[0., 0., 0.],\n",
      "       [0., 0., 0.],\n",
      "       [0., 0., 0.]]), 'K03': array([[0., 0., 0.],\n",
      "       [0., 0., 0.],\n",
      "       [0., 0., 0.]]), 'K04': array([[ 2.400000e+13,  3.200000e+13, -8.000000e+12],\n",
      "       [-3.200000e+13, -9.765625e-03,  3.200000e+13],\n",
      "       [ 8.000000e+12, -3.200000e+13, -2.400000e+13]]), 'K05': array([[0., 0., 0.],\n",
      "       [0., 0., 0.],\n",
      "       [0., 0., 0.]]), 'K10': array([[0., 0., 0.],\n",
      "       [0., 0., 0.],\n",
      "       [0., 0., 0.]]), 'K11': array([[ 1.12e+14, -1.28e+14,  1.60e+13],\n",
      "       [-1.28e+14,  2.56e+14, -1.28e+14],\n",
      "       [ 1.60e+13, -1.28e+14,  1.12e+14]]), 'K12': array([[0., 0., 0.],\n",
      "       [0., 0., 0.],\n",
      "       [0., 0., 0.]]), 'K13': array([[-2.400000e+13, -3.200000e+13,  8.000000e+12],\n",
      "       [ 3.200000e+13,  9.765625e-03, -3.200000e+13],\n",
      "       [-8.000000e+12,  3.200000e+13,  2.400000e+13]]), 'K14': array([[0., 0., 0.],\n",
      "       [0., 0., 0.],\n",
      "       [0., 0., 0.]]), 'K15': array([[0., 0., 0.],\n",
      "       [0., 0., 0.],\n",
      "       [0., 0., 0.]]), 'K20': array([[0., 0., 0.],\n",
      "       [0., 0., 0.],\n",
      "       [0., 0., 0.]]), 'K21': array([[0., 0., 0.],\n",
      "       [0., 0., 0.],\n",
      "       [0., 0., 0.]]), 'K22': array([[ 1.225e+09, -1.400e+09,  1.750e+08],\n",
      "       [-1.400e+09,  2.800e+09, -1.400e+09],\n",
      "       [ 1.750e+08, -1.400e+09,  1.225e+09]]), 'K23': array([[0., 0., 0.],\n",
      "       [0., 0., 0.],\n",
      "       [0., 0., 0.]]), 'K24': array([[0., 0., 0.],\n",
      "       [0., 0., 0.],\n",
      "       [0., 0., 0.]]), 'K25': array([[0., 0., 0.],\n",
      "       [0., 0., 0.],\n",
      "       [0., 0., 0.]]), 'K30': array([[0., 0., 0.],\n",
      "       [0., 0., 0.],\n",
      "       [0., 0., 0.]]), 'K31': array([[-2.400000e+13,  3.200000e+13, -8.000000e+12],\n",
      "       [-3.200000e+13,  9.765625e-03,  3.200000e+13],\n",
      "       [ 8.000000e+12, -3.200000e+13,  2.400000e+13]]), 'K32': array([[0., 0., 0.],\n",
      "       [0., 0., 0.],\n",
      "       [0., 0., 0.]]), 'K33': array([[ 6.40000026e+12,  3.19999971e+12, -1.59999996e+12],\n",
      "       [ 3.19999971e+12,  2.56000006e+13,  3.19999971e+12],\n",
      "       [-1.59999996e+12,  3.19999971e+12,  6.40000026e+12]]), 'K34': array([[0., 0., 0.],\n",
      "       [0., 0., 0.],\n",
      "       [0., 0., 0.]]), 'K35': array([[0., 0., 0.],\n",
      "       [0., 0., 0.],\n",
      "       [0., 0., 0.]]), 'K40': array([[ 2.400000e+13, -3.200000e+13,  8.000000e+12],\n",
      "       [ 3.200000e+13, -9.765625e-03, -3.200000e+13],\n",
      "       [-8.000000e+12,  3.200000e+13, -2.400000e+13]]), 'K41': array([[0., 0., 0.],\n",
      "       [0., 0., 0.],\n",
      "       [0., 0., 0.]]), 'K42': array([[0., 0., 0.],\n",
      "       [0., 0., 0.],\n",
      "       [0., 0., 0.]]), 'K43': array([[0., 0., 0.],\n",
      "       [0., 0., 0.],\n",
      "       [0., 0., 0.]]), 'K44': array([[ 6.40000026e+12,  3.19999971e+12, -1.59999996e+12],\n",
      "       [ 3.19999971e+12,  2.56000006e+13,  3.19999971e+12],\n",
      "       [-1.59999996e+12,  3.19999971e+12,  6.40000026e+12]]), 'K45': array([[0., 0., 0.],\n",
      "       [0., 0., 0.],\n",
      "       [0., 0., 0.]]), 'K50': array([[0., 0., 0.],\n",
      "       [0., 0., 0.],\n",
      "       [0., 0., 0.]]), 'K51': array([[0., 0., 0.],\n",
      "       [0., 0., 0.],\n",
      "       [0., 0., 0.]]), 'K52': array([[0., 0., 0.],\n",
      "       [0., 0., 0.],\n",
      "       [0., 0., 0.]]), 'K53': array([[0., 0., 0.],\n",
      "       [0., 0., 0.],\n",
      "       [0., 0., 0.]]), 'K54': array([[0., 0., 0.],\n",
      "       [0., 0., 0.],\n",
      "       [0., 0., 0.]]), 'K55': array([[ 194443.2, -222220.8,   27777.6],\n",
      "       [-222220.8,  444441.6, -222220.8],\n",
      "       [  27777.6, -222220.8,  194443.2]])}\n",
      "det coeffSME 00= -3.929017111658999e+26\n",
      "det coeffSME 11= -3.929017111658999e+26\n",
      "det coeffSME 22= 1020428079527.8536\n",
      "det coeffSME 33= 8.192001343999189e+38\n",
      "det coeffSME 44= 8.192001343999189e+38\n",
      "det coeffSME 55= -4.11185817955374\n",
      "det coeffSME 04= 8.00000000000003e+24\n",
      "det coeffSME 13= -8.00000000000003e+24\n"
     ]
    }
   ],
   "source": [
    "phi = np.array([[0,0,0],[0,0,0.5],[0,0,1]],dtype=np.float64)\n",
    "# phi = np.array([[0,0,0],[0,0,1]],dtype=np.float64)\n",
    "for GP in range(NGQP):\n",
    "    effecWt = J[0,GP] * gaussW[GP]\n",
    "    print('effecWt=',effecWt)\n",
    "    S0 = interpLagGLQ(NNPEL, NGQP)[0][:,GP]\n",
    "    S1 = interpLagGLQ(NNPEL, NGQP)[1][:,GP] * (1/J[0,GP])\n",
    "    \n",
    "    S00 = np.outer(S0,S0)\n",
    "    S11 = np.outer(S1,S1)\n",
    "    S10 = np.outer(S1,S0)\n",
    "    print('S00=',S00)            \n",
    "    print('S10=',S10)            \n",
    "    print('S11=',S11)            \n",
    "    omegaGP = np.array([[[0,0,0]],[[0,0,0]]],dtype=np.float64)\n",
    "    \n",
    "    dphio = np.dot(S1,phi)\n",
    "    print('dphio=',dphio)\n",
    "    rotation = np.array([[1,0,0],[0,1,0],[0,0,1]], dtype=np.float64)\n",
    "    gammaGP = dphio - (rotation @ np.array([0,0,1]))\n",
    "    print('gammaGP=',gammaGP)\n",
    "    forceGP = matModFGP @ gammaGP\n",
    "    momentGP = matModMGP @ omegaGP[0,0,:]\n",
    "\n",
    "    \n",
    "    K11a3b3 = 0.0\n",
    "\n",
    "    for a in range(3): # a=alpha, b=beta as notes in reference material\n",
    "        for b in range(3):\n",
    "            coeffSME[f'K{a}{b}'][:,:] += matModFGP[a,b] * S11 * effecWt\n",
    "            print(f'coeffSME[K{a}{b}]=',coeffSME[f'K{a}{b}'])\n",
    "            print(f'coeffSME[K{a}{b}][{GP}]=',matModFGP[a,b] * S11 * effecWt)\n",
    "            print(f'matModFGP[{a},{b}]=',matModFGP[a,b])\n",
    "            print('S11=',S11)\n",
    "            print('effWt=',effecWt)\n",
    "            # print(f'coeffSME[K{a}{b}]=',coeffSME[f'K{a}{b}'])\n",
    "            K11a3b3 = matModMGP[a,b]\n",
    "            K10ab3 = 0.0\n",
    "            K01a3b = 0.0\n",
    "            K00a3b3_0 = 0.0\n",
    "            K00a3b3_1 = 0.0\n",
    "            K10a3b3 = 0.0\n",
    "            for k in range(3):\n",
    "                for l in range(3):\n",
    "                    K10ab3 += perm()[k,b,l] * dphio[k]*matModFGP[a,l] - perm()[k,b,a]*forceGP[k]\n",
    "                    K01a3b += perm()[k,a,l] * dphio[k]*matModFGP[b,l] + perm()[k,b,a]*forceGP[k]\n",
    "                    K10a3b3 += - perm()[k,b,a]*momentGP[k]\n",
    "                    for m in range(3):\n",
    "                        K00a3b3_1 += perm()[a,k,l]*perm()[m,b,l]*dphio[k]*forceGP[m]\n",
    "                        for n in range(3):\n",
    "                            K00a3b3_0 += perm()[k,a,l]*perm()[m,b,n]*dphio[k]*dphio[m]*matModFGP[l,n]\n",
    "            # print('a=',a,'b=',b,'K01a3b=',K01a3b,'K10ab3=',K10ab3)\n",
    "            coeffSME[f'K{a}{b+3}'][:,:] += K10ab3 * S10 * effecWt\n",
    "            # print(f'coeffSME[K{a}{b+3}]=',coeffSME[f'K{a}{b+3}'])\n",
    "            coeffSME[f'K{a+3}{b}'][:,:] += K01a3b * S10.T * effecWt\n",
    "            # print(f'coeffSME[K{a+3}{b}]=',coeffSME[f'K{a+3}{b}'])\n",
    "            coeffSME[f'K{a+3}{b+3}'][:,:] += (K11a3b3 * S11 + K10a3b3*S10 + (K00a3b3_0+K00a3b3_1)*S00) * effecWt\n",
    "            # print(f'coeffSME[K{a+3}{b+3}]=',coeffSME[f'K{a+3}{b+3}'])\n",
    "\n",
    "print('coeffSME=',coeffSME)   \n",
    "print('det coeffSME 00=',np.linalg.det(coeffSME['K00']))\n",
    "print('det coeffSME 11=',np.linalg.det(coeffSME['K11']))\n",
    "print('det coeffSME 22=',np.linalg.det(coeffSME['K22']))\n",
    "print('det coeffSME 33=',np.linalg.det(coeffSME['K33']))\n",
    "print('det coeffSME 44=',np.linalg.det(coeffSME['K44']))\n",
    "print('det coeffSME 55=',np.linalg.det(coeffSME['K55']))\n",
    "print('det coeffSME 04=',np.linalg.det(coeffSME['K04']))\n",
    "print('det coeffSME 13=',np.linalg.det(coeffSME['K13']))\n"
   ]
  },
  {
   "cell_type": "code",
   "execution_count": 6,
   "id": "04acee6d",
   "metadata": {},
   "outputs": [
    {
     "name": "stdout",
     "output_type": "stream",
     "text": [
      "detSME= -2.2146972716956075e+95\n"
     ]
    }
   ],
   "source": [
    "for j in range(6):\n",
    "    for k in range(6):\n",
    "        SME[j:eqns_p_elem:6, k:eqns_p_elem:6] = coeffSME[f'K{j}{k}']\n",
    "\n",
    "print('detSME=',np.linalg.det(SME))"
   ]
  },
  {
   "cell_type": "code",
   "execution_count": 97,
   "id": "a209fe4a",
   "metadata": {},
   "outputs": [
    {
     "name": "stdout",
     "output_type": "stream",
     "text": [
      "coeffCVE[F0]= [0. 0.]\n",
      "coeffCVE[F3]= [0. 0.]\n",
      "coeffCVE[F1]= [0. 0.]\n",
      "coeffCVE[F4]= [0. 0.]\n",
      "coeffCVE[F2]= [-4999.99999801  4999.99999801]\n",
      "coeffCVE[F5]= [0. 0.]\n"
     ]
    }
   ],
   "source": [
    "coeffCVE = {f'F{i}':np.zeros(shape=[2],dtype=np.float64) for i in range(6)} # memory allocation for constants of elemental stiffness matrices\n",
    "F0a = 0.0\n",
    "F1a = 0.0\n",
    "F1a3 = 0.0\n",
    "for a in range(3):\n",
    "    F0a = appForceGP[a]\n",
    "    F1a = -forceGP[a]\n",
    "    coeffCVE[f'F{a}'][:] = (F0a*S0 + F1a*S1) * effecWt\n",
    "    print(f'coeffCVE[F{a}]=',coeffCVE[f'F{a}'])\n",
    "    F1a3 = -momentGP[a]\n",
    "    F0a3 = 0.0\n",
    "    for k in range(3):\n",
    "        for l in range(3):\n",
    "            F0a3 += perm()[a,l,k] * forceGP[k] * dphio[l] + appMomentGP[a]\n",
    "    coeffCVE[f'F{a+3}'][:] = (F0a3*S0 + F1a3*S1) * effecWt\n",
    "    print(f'coeffCVE[F{a+3}]=',coeffCVE[f'F{a+3}'])\n",
    "    \n",
    "\n",
    "\n"
   ]
  }
 ],
 "metadata": {
  "kernelspec": {
   "display_name": "Fenics_env",
   "language": "python",
   "name": "python3"
  },
  "language_info": {
   "codemirror_mode": {
    "name": "ipython",
    "version": 3
   },
   "file_extension": ".py",
   "mimetype": "text/x-python",
   "name": "python",
   "nbconvert_exporter": "python",
   "pygments_lexer": "ipython3",
   "version": "3.13.7"
  }
 },
 "nbformat": 4,
 "nbformat_minor": 5
}
